        theoretical         curve fit
first : 0.806137512900604   0.815916  +- 0.003987
second: 1.39599422965714    1.39831   +- 0.008902
